Wavelength	Ellip23 RT	Ellip25 RT	Ellip38 RT	Ellip62 RT	Ellip23	Ellip25	Ellip38	Ellip62
275	-41677.63636	-26298.61111	-54542.74286	-44247.04348	-13265.90909	-30501.66667	-9385.36	-40680.78261
274.5	-38458.81818	-22862.12963	-51736.11429	-37532.08696	-16206.72727	-22965.46296	-1659.977143	-43184.78261
274	-39079.81818	-27189.07407	-47514.62857	-33832.26087	-17125.81818	-19980.09259	-3398.228571	-47397.56522
273.5	-35425.27273	-23753.14815	-46902.85714	-29322.52174	-15831.45455	-19445.37037	-5140.868571	-49675.65217
273	-29786.72727	-19202.12963	-37771.54286	-26755.47826	-19966.45455	-26018.7037	-4576.377143	-45740.86957
272.5	-25012.09091	-11324.72222	-35848.11429	-25250.34783	-27090.45455	-32830.64815	-10204.30857	-44296.08696
272	-26344.09091	-9848.518519	-38736.8	-28570.17391	-27946	-30961.01852	-8245.154286	-41899.91304
271.5	-29779.45455	-10544.16667	-38477.6	-29922.95652	-30096.09091	-26716.2963	-6804.342857	-42681.91304
271	-29378.09091	-9929.814815	-33000.68571	-28266.17391	-23323.45455	-18820.09259	-3867.154286	-38479.56522
270.5	-31812.63636	-18644.07407	-33766.74286	-31074.17391	-18344.90909	-19553.51852	-2312.708571	-39034.52174
270	-24587.72727	-14918.33333	-32121.48571	-30907.3913	-12948.63636	-22865.46296	-1279.782857	-37209.91304
269.5	-26141.90909	-16842.40741	-33869.71429	-26769.56522	-12427.72727	-28153.51852	-2644.948571	-39626.69565
269	-21489.81818	-13287.87037	-33798.05714	-23443.13043	-13271.09091	-25979.16667	1693.337143	-38153.21739
268.5	-22498.45455	-10521.48148	-32632.91429	-20647.30435	-12958	-23045.27778	4785.051429	-34237.82609
268	-22421.36364	-9740.37037	-32011.65714	-20111.47826	-14114.63636	-19176.48148	5236.651429	-31195.21739
267.5	-26962.36364	-13723.05556	-29994.97143	-23899.65217	-11829.63636	-18566.48148	2990.411429	-31917.73913
267	-33964.72727	-16461.01852	-31510.17143	-23348.34783	-15062.54545	-18558.7037	-2484.411429	-35828.17391
266.5	-38450.90909	-27397.03704	-41999.54286	-29281.21739	-15232.36364	-19338.7037	-8094.285714	-38370.08696
266	-32439.18182	-23436.38889	-37248.57143	-28100	-10593.45455	-16649.53704	512.9005714	-35542.08696
265.5	-24314.18182	-19904.44444	-36273.94286	-25533.56522	-7152.181818	-9002.175926	4305.108571	-31480.43478
265	-19849.90909	-14045.46296	-28756.45714	-21524.26087	-4905	-8385.296296	12313.6	-24208
264.5	-15210.09091	-6133.37963	-27795.42857	-18252.52174	-8113.381818	-9051.037037	3337.748571	-26210.17391
264	-19781.45455	-9092.75	-31411.54286	-24651.21739	-15802.81818	-13319.72222	-2802.457143	-26731.30435
263.5	-23534.54545	-10047.5	-34543.77143	-24372.78261	-19304.72727	-17615.27778	-4348.708571	-33476.52174
263	-28405.09091	-13114.35185	-38510.74286	-27779.91304	-20109.72727	-23099.44444	-6968.011429	-37794.52174
262.5	-30116.81818	-16326.66667	-46057.6	-24580.86957	-20733.18182	-24222.03704	2965.097143	-36589.30435
262	-28357.18182	-19983.24074	-44696.91429	-25462.08696	-23030.63636	-27975.92593	-2654.64	-30307.04348
261.5	-29530.54545	-21545.92593	-47658.05714	-27266.86957	-22828.09091	-23334.90741	6742.285714	-30675.13043
261	-28927.90909	-21621.2037	-45073.6	-28953.21739	-21082.45455	-25705	4631.165714	-28158.43478
260.5	-27437.90909	-21056.48148	-40187.42857	-28497.13043	-20326.63636	-21843.51852	4470.56	-31778.69565
260	-26469.36364	-21348.88889	-39126.74286	-29367.13043	-22823.27273	-30173.98148	3249.165714	-29299.73913
259.5	-31948.18182	-25378.24074	-42544.91429	-28755.73913	-16690.45455	-25973.14815	2952.182857	-18987.65217
259	-32215	-20357.03704	-37282.62857	-26059.56522	-11229.90909	-25688.7037	10076.49143	-20549.21739
258.5	-33195.36364	-13050.37037	-35801.25714	-22511.73913	-4866.690909	-23151.48148	15035.42857	-22840.08696
258	-28995.09091	-9698.425926	-34560.34286	-19665.47826	-8020.3	-21681.85185	10128.20571	-31707.82609
257.5	-23643.72727	-8776.490741	-31164.11429	-16659.3913	-17040.27273	-27747.40741	-4349.92	-42335.56522
257	-21146.36364	-13171.11111	-32759.08571	-15753.56522	-20033.72727	-29300	-5061.382857	-38582.86957
256.5	-17890	-13302.5	-30714.74286	-22263.73913	-17744.54545	-29551.2963	621.7862857	-34712.43478
256	-16479.36364	-12223.7963	-31834.28571	-20033.21739	-13042.09091	-25289.44444	6357.005714	-29977.04348
255.5	-22288.63636	-12186.01852	-28679.31429	-17483.30435	-13109.09091	-26352.96296	5634.137143	-25944.52174
255	-21515.45455	-10072.87037	-32226.4	-18188.69565	-11137.27273	-28674.25926	2756.514286	-26529.65217
254.5	-29077.54545	-16472.40741	-39414.28571	-25263.21739	-12726.45455	-32412.40741	-674.2788571	-24868.26087
254	-28376	-19055.18519	-52094.97143	-29417.04348	-19270.27273	-27453.33333	-1219.382857	-31659.3913
253.5	-31948.45455	-19326.11111	-52881.25714	-28920	-19692.09091	-25127.59259	-2292.057143	-33122.86957
253	-30615.81818	-16618.05556	-49618.4	-25196.43478	-22621.27273	-26899.72222	-2200.228571	-33639.13043
252.5	-31942.54545	-10303.7037	-45401.82857	-21234.86957	-18724.72727	-28208.7963	4191.657143	-27812.86957
252	-28274.63636	-9904.259259	-41323.65714	-20421.3913	-21764.81818	-32638.42593	1760.777143	-31564.34783
251.5	-34821.36364	-16958.88889	-49061.02857	-27615.13043	-23488.27273	-34635.83333	-2184.88	-33600.43478
251	-33917.72727	-18460.64815	-54428.11429	-33371.65217	-29722.54545	-37726.11111	-13055.88571	-41831.47826
250.5	-42143.54545	-20810.37037	-53188	-37397.65217	-33101.36364	-45099.16667	-20620.91429	-48923.47826
250	-38732.36364	-14334.44444	-43998.97143	-32997.04348	-34177.09091	-48199.62963	-22607.2	-55425.73913
249.5	-36095.09091	-10165.64815	-36935.88571	-33814.17391	-35178.81818	-53046.48148	-23282.05714	-63750.6087
249	-39362.09091	-16025.46296	-51289.02857	-42490.43478	-43329.27273	-59362.22222	-30883.54286	-67143.91304
248.5	-39916.90909	-20310	-58731.54286	-49096.52174	-47646.36364	-59267.77778	-35221.02857	-70523.56522
248	-52057.36364	-34236.75926	-73237.14286	-64575.91304	-54933.72727	-54325.64815	-37564.34286	-70761.91304
247.5	-59881.81818	-45423.7963	-72593.6	-65846.86957	-53118.27273	-50258.88889	-32667.77143	-71484.69565
247	-66927.90909	-51138.05556	-79433.37143	-73197.13043	-53675.45455	-54640.37037	-28376.91429	-70248.78261
246.5	-73859.45455	-56826.48148	-87175.77143	-74539.65217	-59302.54545	-59716.75926	-26787.31429	-72300.69565
246	-85406.18182	-64329.16667	-96196.34286	-83780.86957	-63766.36364	-60617.03704	-26465.14286	-74211.04348
245.5	-100323.6364	-69362.03704	-110431.8857	-99254.78261	-67859.36364	-66396.38889	-33399.42857	-81443.47826
245	-113808.1818	-78774.62963	-125090.2857	-109768.6957	-76452.36364	-76922.87037	-37151.65714	-92780.86957
244.5	-130841.8182	-92646.2963	-142656	-129380.8696	-86854.72727	-87017.96296	-48626.74286	-96165.21739
244	-139161.8182	-111051.8519	-160254.8571	-140699.1304	-107672.7273	-104681.4815	-65228.91429	-109118.2609
243.5	-157084.5455	-128241.6667	-175888	-156253.0435	-122357.2727	-113227.7778	-82455.31429	-125524.3478
243	-164532.7273	-139562.037	-184342.8571	-164315.6522	-130927.2727	-119550.9259	-91883.77143	-140354.7826
242.5	-181032.7273	-151631.4815	-198324.5714	-176566.9565	-149006.3636	-132424.0741	-105795.8857	-148031.3043
242	-195788.1818	-167906.4815	-210908.5714	-193401.7391	-162471.8182	-138700.9259	-115338.2857	-151438.2609
241.5	-213369.0909	-190972.2222	-224309.7143	-209582.6087	-185965.4545	-159768.5185	-130881.1429	-165218.2609
241	-243101.8182	-217408.3333	-250620.5714	-235344.3478	-204224.5455	-172027.7778	-143816	-184868.6957
240.5	-269720.9091	-236626.8519	-270292.5714	-257803.4783	-219215.4545	-194742.5926	-162018.2857	-212092.1739
240	-301353.6364	-254662.037	-296645.7143	-286623.4783	-238210	-216514.8148	-181073.1429	-238020
239.5	-320114.5455	-268553.7037	-319793.1429	-313626.9565	-257079.0909	-232552.7778	-201656	-254320.8696
239	-348477.2727	-295043.5185	-353969.1429	-347190.4348	-275558.1818	-251706.4815	-212617.1429	-272673.913
238.5	-380408.1818	-332406.4815	-392302.8571	-379863.4783	-304734.5455	-270119.4444	-236896	-297456.5217
238	-421606.3636	-371625	-432947.4286	-421027.8261	-333313.6364	-293495.3704	-265403.4286	-335282.6087
237.5	-461906.3636	-413269.4444	-473532.5714	-461342.6087	-371928.1818	-321803.7037	-303918.8571	-368593.0435
237	-510001.8182	-457050.9259	-513582.8571	-511346.9565	-411220.9091	-354143.5185	-335985.1429	-403664.3478
236.5	-560059.0909	-498697.2222	-555521.1429	-562059.1304	-453454.5455	-388179.6296	-366160	-431557.3913
236	-609230.9091	-539346.2963	-596995.4286	-603430.4348	-496931.8182	-430321.2963	-404141.7143	-470459.1304
235.5	-665969.0909	-583037.963	-647817.1429	-658743.4783	-547704.5455	-472598.1481	-440616	-508716.5217
235	-716606.3636	-627359.2593	-698051.4286	-697327.8261	-597624.5455	-515507.4074	-483859.4286	-555723.4783
234.5	-774652.7273	-680559.2593	-750347.4286	-752361.7391	-657078.1818	-556685.1852	-520246.8571	-598079.1304
234	-829667.2727	-727852.7778	-804421.7143	-803617.3913	-704669.0909	-592761.1111	-565214.8571	-643116.5217
233.5	-892990	-784348.1481	-871856	-860993.913	-760796.3636	-629156.4815	-620273.1429	-692334.7826
233	-953863.6364	-840456.4815	-938758.8571	-920817.3913	-817247.2727	-683188.8889	-682029.7143	-748735.6522
232.5	-1010309.091	-897468.5185	-990882.2857	-966026.087	-881598.1818	-740551.8519	-745539.4286	-815593.913
232	-1061363.636	-947601.8519	-1027236.571	-1009991.304	-938645.4545	-798700.9259	-800948.5714	-878634.7826
231.5	-1108309.091	-990712.963	-1062296	-1057539.13	-993818.1818	-846197.2222	-849323.4286	-926260.8696
231	-1155572.727	-1038092.593	-1107986.286	-1101460.87	-1043881.818	-892269.4444	-894726.8571	-976347.8261
230.5	-1195890.909	-1081120.37	-1154525.714	-1144747.826	-1091781.818	-937851.8519	-939777.1429	-1023843.478
230	-1234772.727	-1121379.63	-1197005.714	-1178930.435	-1134881.818	-972185.1852	-974546.2857	-1066860.87
229.5	-1270272.727	-1151074.074	-1235794.286	-1205530.435	-1181281.818	-1010555.556	-1020914.286	-1103973.913
229	-1306927.273	-1180935.185	-1271542.857	-1232626.087	-1229363.636	-1045944.444	-1056248	-1137913.043
228.5	-1334854.545	-1216759.259	-1303954.286	-1256869.565	-1273690.909	-1091453.704	-1099329.143	-1175365.217
228	-1363109.091	-1236055.556	-1329577.143	-1277582.609	-1312509.091	-1128666.667	-1123601.143	-1203365.217
227.5	-1377754.545	-1255842.593	-1346777.143	-1293930.435	-1342918.182	-1163750	-1162560	-1237982.609
227	-1395118.182	-1273148.148	-1371988.571	-1302104.348	-1372027.273	-1191481.481	-1187782.857	-1264626.087
226.5	-1415500	-1289657.407	-1388971.429	-1311226.087	-1403990.909	-1214287.037	-1223611.429	-1290347.826
226	-1422790.909	-1299768.519	-1398274.286	-1311460.87	-1428327.273	-1228092.593	-1241634.286	-1315800
225.5	-1427200	-1308212.963	-1412960	-1310626.087	-1448900	-1241370.37	-1251017.143	-1332243.478
225	-1433281.818	-1307564.815	-1421234.286	-1310000	-1448081.818	-1256064.815	-1259462.857	-1344982.609
224.5	-1436700	-1307768.519	-1430571.429	-1308165.217	-1451172.727	-1275657.407	-1272857.143	-1345704.348
224	-1445209.091	-1320046.296	-1437611.429	-1314921.739	-1451781.818	-1284518.519	-1282125.714	-1342460.87
223.5	-1437790.909	-1313944.444	-1433074.286	-1315104.348	-1470927.273	-1304796.296	-1296057.143	-1347913.043
223	-1428109.091	-1314314.815	-1433920	-1308704.348	-1483918.182	-1308500	-1311817.143	-1351556.522
222.5	-1420990.909	-1295268.519	-1429005.714	-1301791.304	-1501290.909	-1320537.037	-1328182.857	-1363739.13
222	-1411763.636	-1284611.111	-1424285.714	-1289373.913	-1498209.091	-1317611.111	-1325508.571	-1359947.826
221.5	-1407072.727	-1278305.556	-1429565.714	-1285313.043	-1485563.636	-1317962.963	-1317417.143	-1353956.522
221	-1385154.545	-1271611.111	-1418480	-1276869.565	-1473109.091	-1322287.037	-1308080	-1348678.261
220.5	-1375818.182	-1265870.37	-1419702.857	-1256373.913	-1463563.636	-1328638.889	-1301440	-1338304.348
220	-1363600	-1254583.333	-1402800	-1238278.261	-1456236.364	-1322675.926	-1299577.143	-1325460.87
219.5	-1359100	-1239777.778	-1399965.714	-1222095.652	-1444727.273	-1306935.185	-1289348.571	-1315704.348
219	-1349536.364	-1227101.852	-1398731.429	-1219556.522	-1433354.545	-1294129.63	-1280662.857	-1299973.913
218.5	-1340090.909	-1221129.63	-1406925.714	-1218208.696	-1425127.273	-1288157.407	-1272937.143	-1300765.217
218	-1329900	-1223509.259	-1418628.571	-1214095.652	-1414045.455	-1284787.037	-1273371.429	-1293573.913
217.5	-1317572.727	-1217962.963	-1429360	-1193443.478	-1399609.091	-1291592.593	-1270285.714	-1281782.609
217	-1307818.182	-1219055.556	-1423417.143	-1183052.174	-1388163.636	-1287722.222	-1269337.143	-1273669.565
216.5	-1295490.909	-1219361.111	-1410811.429	-1171921.739	-1365127.273	-1278379.63	-1246754.286	-1253208.696
216	-1295072.727	-1227064.815	-1405954.286	-1169052.174	-1351645.455	-1258861.111	-1236011.429	-1233791.304
215.5	-1291354.545	-1219250	-1403268.571	-1165921.739	-1346309.091	-1252648.148	-1225691.429	-1219069.565
215	-1276845.455	-1218629.63	-1400502.857	-1160260.87	-1324945.455	-1258833.333	-1224034.286	-1203852.174
214.5	-1272963.636	-1226592.593	-1426560	-1180547.826	-1323627.273	-1276370.37	-1231485.714	-1212391.304
214	-1274836.364	-1246250	-1445794.286	-1193226.087	-1316163.636	-1281731.481	-1223028.571	-1210017.391
213.5	-1287418.182	-1275833.333	-1478320	-1210460.87	-1325972.727	-1297212.963	-1228697.143	-1203765.217
213	-1297372.727	-1290296.296	-1488114.286	-1217956.522	-1336381.818	-1304361.111	-1230102.857	-1196104.348
212.5	-1306245.455	-1315518.519	-1492548.571	-1221321.739	-1338145.455	-1319861.111	-1242137.143	-1216043.478
212	-1325336.364	-1344388.889	-1518194.286	-1226478.261	-1345372.727	-1341120.37	-1261440	-1245591.304
211.5	-1336581.818	-1375037.037	-1533497.143	-1224200	-1356100	-1379925.926	-1268857.143	-1254834.783
211	-1344036.364	-1420129.63	-1539051.429	-1216304.348	-1368690.909	-1424074.074	-1270582.857	-1249295.652
210.5	-1335172.727	-1442453.704	-1541474.286	-1213730.435	-1392772.727	-1473796.296	-1274948.571	-1253269.565
210	-1330036.364	-1473601.852	-1534045.714	-1196486.957	-1404563.636	-1511990.741	-1291291.429	-1260582.609
209.5	-1330909.091	-1485407.407	-1542445.714	-1178686.957	-1425536.364	-1545351.852	-1311897.143	-1291991.304
209	-1314663.636	-1510277.778	-1532811.429	-1147417.391	-1435863.636	-1569675.926	-1340685.714	-1289808.696
208.5	-1287672.727	-1512212.963	-1488697.143	-1102530.435	-1438445.455	-1594648.148	-1335771.429	-1271408.696
208	-1222718.182	-1495694.444	-1434685.714	-1056078.261	-1417372.727	-1616185.185	-1316320	-1246078.261
207.5	-1177072.727	-1453296.296	-1372137.143	-976521.7391	-1377309.091	-1644944.444	-1294685.714	-1222086.957
207	-1104490.909	-1412296.296	-1316125.714	-891930.4348	-1355890.909	-1657990.741	-1252011.429	-1188921.739
206.5	-1039890.909	-1368101.852	-1260514.286	-792960	-1310309.091	-1654870.37	-1196205.714	-1134469.565
206	-973981.8182	-1345009.259	-1218445.714	-702029.5652	-1267800	-1637675.926	-1127713.143	-1068956.522
205.5	-875969.0909	-1281842.593	-1124013.714	-603219.1304	-1170409.091	-1597157.407	-1032926.857	-973069.5652
205	-774638.1818	-1201925.926	-1037309.714	-500553.0435	-1082127.273	-1541814.815	-980029.7143	-870582.6087
204.5	-656202.7273	-1121083.333	-944720	-376566.087	-976700	-1503388.889	-921301.7143	-757879.1304
204	-517703.6364	-1053814.815	-846320	-256152.1739	-872901.8182	-1449824.074	-815321.1429	-655860.8696
203.5	-381300	-973962.963	-743064	-91348.69565	-775900	-1411787.037	-722874.2857	-529079.1304
203	-228097.2727	-849727.7778	-603179.4286	63707.30435	-680077.2727	-1339074.074	-606851.4286	-417656.5217
202.5	-41443.27273	-709907.4074	-470784	257146.9565	-572891.8182	-1274861.111	-497771.4286	-308154.7826
202	123913.6364	-583653.7037	-359934.8571	430766.087	-428819.0909	-1185101.852	-401101.7143	-205900.8696
201.5	318992.7273	-430471.2963	-185680	627544.3478	-257410.9091	-1070333.333	-248812.5714	-59483.30435
201	523019.0909	-266268.5185	-14150.28571	817129.5652	-46041.81818	-924208.3333	-121906.2857	119557.3913
200.5	755645.4545	-73017.12963	206646.8571	1030078.261	141439.0909	-807676.8519	59294.51429	333440.8696
200	1000963.636	134179.6296	410075.4286	1217513.043	361047.2727	-686812.963	251532.5714	533802.6087
199.5	1206681.818	320789.8148	612566.8571	1364391.304	565470.9091	-522521.2963	444352	720645.2174
199	1335781.818	449005.5556	859290.2857	1504921.739	800951.8182	-349207.4074	658272	937521.7391
198.5	1471518.182	575782.4074	1052256	1637382.609	1007709.091	-117376.8519	856771.4286	1141721.739
198	1603109.091	683070.3704	1229120	1733321.739	1190990.909	34977.03704	1053602.286	1308886.957
197.5	1682318.182	807115.7407	1218205.714	1775113.043	1340345.455	154009.2593	1188045.714	1471834.783
197	1735154.545	960814.8148	1123104	1778139.13	1449209.091	320292.5926	1358422.857	1560469.565
196.5	1735218.182	1119851.852	1109666.286	1820721.739	1567254.545	467082.4074	1421531.429	1613017.391
196	1776581.818	1232944.444	1300091.429	1872339.13	1626836.364	632471.2963	1519851.429	1600539.13
195.5	1809909.091	1308444.444	1457794.286	1928034.783	1775018.182	740748.1481	1573142.857	1611765.217
195	1803000	1366861.111	1537817.143	1884773.913	1845872.727	851054.6296	1645622.857	1673486.957
194.5	1790372.727	1385166.667	1533142.857	1866904.348	1935872.727	872441.6667	1687222.857	1760878.261
194	1745481.818	1443333.333	1530080	1815104.348	1946227.273	996203.7037	1680000	1862217.391
193.5	1780000	1465537.037	1332102.857	1730260.87	1956472.727	1042787.037	1734868.571	1890608.696
193	1744890.909	1488990.741	1119829.714	1646695.652	1902209.091	1138250	1724011.429	1845226.087
192.5	1749009.091	1583648.148	870481.1429	1596139.13	1914381.818	1182305.556	1734777.143	1791895.652
192	1732836.364	1598490.741	816200	1594982.609	1939618.182	1240731.481	1795680	1726104.348
191.5	1727372.727	1613055.556	748129.1429	1556382.609	1977254.545	1302194.444	1776022.857	1663165.217
191	1648981.818	1605055.556	606408	1513791.304	2010854.545	1293592.593	1734914.286	1687330.435
190.5	1618054.545	1592444.444	340814.8571	1415686.957	1950209.091	1235537.037	1670388.571	1687382.609
190	1570609.091	1507305.556	379245.7143	1337043.478	1888272.727	1172879.63	1628880	1692130.435
