##Construct  5 deg    std         15 deg     std         25 deg     std         35 deg     std 
V23X       2160.35033 0.05008     2160.27600 0.05315     2160.21567 0.12638     2160.11800 0.14218  
L25X       2161.47300 0.12861     2161.41767 0.10479     2161.31933 0.12710     2161.23733 0.13689  
L38X       2162.53100 0.13283     2162.26367 0.08965     2162.06467 0.02251     2161.70000 0.17591  
A58X       2163.79850 0.30219     2163.55400 0.26833     2163.28200 0.40261     2162.98025 0.36465  
T62X       2160.26933 0.07876     2160.17100 0.08127     2160.02233 0.06593     2159.85500 0.04572  
V66X       2157.27420 0.10794     2157.19640 0.06924     2157.14675 0.04444     2157.07900 0.04378  
A109X      2160.34067 0.47297     2160.09667 0.40547     2159.91367 0.48188     2159.79967 0.50322  
N118X      2164.16167 0.39865     2163.85400 0.60514     2163.06875 0.31787     2162.66100 0.36005  
Water      2163.58200 0.02040     2163.14700 0.00566     2162.65700 0.17346     2162.32600 0.01131  
A90X       2156.92967 0.01360     2156.83367 0.02100     2156.71733 0.02473     2156.61633 0.03878  
I92X       2162.32067 0.04888     2162.18100 0.01951     2162.03867 0.03635     2161.83300 0.03041  
DMSO         0.00000 0.00000     2153.51633 0.04028     2153.50633 0.01247     2153.35067 0.03399  
